   2.5400000e+02   2.8400000e+02   0.0000000e+00
   1.0000000e+00   1.3000000e+01   0.0000000e+00
   7.7000000e+01   9.2000000e+01   0.0000000e+00
   1.6300000e+02   2.1600000e+02   0.0000000e+00
   8.9000000e+01   1.1500000e+02   0.0000000e+00
   8.1000000e+01   9.7000000e+01   0.0000000e+00
   8.0000000e+01   9.5000000e+01   0.0000000e+00
   7.5000000e+01   3.0700000e+02   0.0000000e+00
   5.0000000e+01   6.9000000e+01   0.0000000e+00
   2.0000000e+00   3.0200000e+02   0.0000000e+00
   5.0000000e+00   6.0000000e+00   0.0000000e+00
   7.0000000e+00   3.1100000e+02   0.0000000e+00
   1.2000000e+01   3.1200000e+02   0.0000000e+00
   1.1000000e+01   1.4000000e+01   0.0000000e+00
   3.0000000e+00   3.1400000e+02   0.0000000e+00
   1.5000000e+01   5.8000000e+01   0.0000000e+00
   1.8000000e+01   3.1300000e+02   0.0000000e+00
   2.0700000e+02   2.0800000e+02   0.0000000e+00
   1.9000000e+01   4.1000000e+01   0.0000000e+00
   5.4000000e+01   5.6000000e+01   0.0000000e+00
   4.0000000e+00   5.9000000e+01   0.0000000e+00
   2.2000000e+01   1.1300000e+02   0.0000000e+00
   1.0900000e+02   1.1200000e+02   0.0000000e+00
   9.0000000e+01   9.3000000e+01   0.0000000e+00
   2.6000000e+01   8.6000000e+01   0.0000000e+00
   2.7200000e+02   2.8900000e+02   0.0000000e+00
   2.8700000e+02   2.9800000e+02   0.0000000e+00
   2.3200000e+02   2.8300000e+02   0.0000000e+00
   1.9800000e+02   3.2800000e+02   0.0000000e+00
   2.7000000e+01   2.5700000e+02   0.0000000e+00
   2.1000000e+01   3.2000000e+02   0.0000000e+00
   3.3000000e+01   3.2100000e+02   0.0000000e+00
   1.6000000e+01   6.6000000e+01   0.0000000e+00
   1.4000000e+02   1.4100000e+02   0.0000000e+00
   1.0600000e+02   1.2600000e+02   0.0000000e+00
   3.6000000e+01   3.3400000e+02   0.0000000e+00
   1.6500000e+02   2.1400000e+02   0.0000000e+00
   1.5200000e+02   1.5600000e+02   0.0000000e+00
   1.0300000e+02   1.3200000e+02   0.0000000e+00
   6.3000000e+01   1.0100000e+02   0.0000000e+00
   5.5000000e+01   3.0600000e+02   0.0000000e+00
   2.5000000e+01   5.3000000e+01   0.0000000e+00
   4.6000000e+01   3.3000000e+02   0.0000000e+00
   4.7000000e+01   7.6000000e+01   0.0000000e+00
   2.4000000e+01   4.8000000e+01   0.0000000e+00
   2.8000000e+01   2.9000000e+01   0.0000000e+00
   9.0000000e+00   4.9000000e+01   0.0000000e+00
   3.0000000e+01   3.9000000e+01   0.0000000e+00
   5.1000000e+01   1.0000000e+02   0.0000000e+00
   5.2000000e+01   3.2400000e+02   0.0000000e+00
   3.2000000e+01   3.5000000e+01   0.0000000e+00
   9.4000000e+01   3.4800000e+02   0.0000000e+00
   5.7000000e+01   1.3600000e+02   0.0000000e+00
   1.7000000e+01   3.1500000e+02   0.0000000e+00
   2.3000000e+01   3.2300000e+02   0.0000000e+00
   6.4000000e+01   3.5200000e+02   0.0000000e+00
   6.1000000e+01   1.2800000e+02   0.0000000e+00
   7.9000000e+01   1.2500000e+02   0.0000000e+00
   7.1000000e+01   3.0300000e+02   0.0000000e+00
   6.0000000e+01   3.5600000e+02   0.0000000e+00
   9.1000000e+01   1.0400000e+02   0.0000000e+00
   7.0000000e+01   3.4900000e+02   0.0000000e+00
   2.2400000e+02   2.8600000e+02   0.0000000e+00
   1.0700000e+02   1.8500000e+02   0.0000000e+00
   7.8000000e+01   1.0200000e+02   0.0000000e+00
   1.8400000e+02   3.1800000e+02   0.0000000e+00
   2.2800000e+02   2.6200000e+02   0.0000000e+00
   2.2200000e+02   3.6700000e+02   0.0000000e+00
   2.0100000e+02   2.4900000e+02   0.0000000e+00
   1.9300000e+02   3.6900000e+02   0.0000000e+00
   1.1900000e+02   1.3000000e+02   0.0000000e+00
   1.1800000e+02   1.4800000e+02   0.0000000e+00
   8.3000000e+01   1.1700000e+02   0.0000000e+00
   1.8100000e+02   1.9500000e+02   0.0000000e+00
   1.5900000e+02   1.6700000e+02   0.0000000e+00
   1.3800000e+02   3.7500000e+02   0.0000000e+00
   1.2200000e+02   1.5100000e+02   0.0000000e+00
   8.8000000e+01   1.3700000e+02   0.0000000e+00
   7.2000000e+01   1.0800000e+02   0.0000000e+00
   1.2700000e+02   1.3900000e+02   0.0000000e+00
   2.5500000e+02   2.7700000e+02   0.0000000e+00
   1.3300000e+02   1.8000000e+02   0.0000000e+00
   1.8800000e+02   2.2100000e+02   0.0000000e+00
   2.7000000e+02   2.8100000e+02   0.0000000e+00
   2.3000000e+02   2.7600000e+02   0.0000000e+00
   1.7400000e+02   1.7900000e+02   0.0000000e+00
   2.1800000e+02   2.6400000e+02   0.0000000e+00
   2.4800000e+02   2.5200000e+02   0.0000000e+00
   2.6500000e+02   2.9700000e+02   0.0000000e+00
   1.8600000e+02   2.5300000e+02   0.0000000e+00
   2.4300000e+02   2.6000000e+02   0.0000000e+00
   2.3600000e+02   2.7100000e+02   0.0000000e+00
   2.8800000e+02   2.9300000e+02   0.0000000e+00
   2.5800000e+02   2.6300000e+02   0.0000000e+00
   2.4500000e+02   2.6700000e+02   0.0000000e+00
   1.4700000e+02   1.6400000e+02   0.0000000e+00
   2.4000000e+02   3.9500000e+02   0.0000000e+00
   2.3400000e+02   2.5100000e+02   0.0000000e+00
   2.2900000e+02   3.0000000e+02   0.0000000e+00
   2.9000000e+02   2.9200000e+02   0.0000000e+00
   2.3900000e+02   2.6600000e+02   0.0000000e+00
   1.5800000e+02   3.6800000e+02   0.0000000e+00
   2.7800000e+02   2.9400000e+02   0.0000000e+00
   2.0900000e+02   3.6300000e+02   0.0000000e+00
   1.9700000e+02   2.2300000e+02   0.0000000e+00
   6.8000000e+01   8.5000000e+01   6.1435821e-04
   8.7000000e+01   1.2400000e+02   8.3469178e-04
   1.6800000e+02   1.7000000e+02   1.0060449e-03
   1.0000000e+01   3.1000000e+01   2.5532348e-03
   1.4200000e+02   2.0400000e+02   2.7612500e-03
   1.5000000e+02   2.0200000e+02   3.1195026e-03
   1.4400000e+02   1.9900000e+02   4.5664780e-03
   4.0000000e+01   3.1700000e+02   4.7889064e-03
   1.6000000e+02   2.6800000e+02   5.6416547e-03
   1.7600000e+02   1.7700000e+02   5.7314848e-03
   2.0500000e+02   4.0500000e+02   5.8426335e-03
   4.3000000e+01   3.7100000e+02   8.0705008e-03
   1.2300000e+02   1.3400000e+02   9.1606806e-03
   1.9200000e+02   2.9900000e+02   1.1769775e-02
   4.5000000e+01   3.4200000e+02   1.2989788e-02
   1.2100000e+02   3.3600000e+02   1.3630113e-02
   1.3100000e+02   1.7200000e+02   1.4814215e-02
   6.2000000e+01   3.5800000e+02   1.5199243e-02
   1.7100000e+02   2.3100000e+02   1.6939270e-02
   3.1600000e+02   3.4700000e+02   2.3291841e-02
   6.5000000e+01   2.5000000e+02   2.3794870e-02
   2.2600000e+02   2.3800000e+02   2.4320251e-02
   3.0900000e+02   3.3200000e+02   2.6363745e-02
   2.2000000e+02   3.9100000e+02   2.6466387e-02
   3.3100000e+02   3.5100000e+02   2.8288024e-02
   1.2000000e+02   3.3900000e+02   3.0013459e-02
   1.8700000e+02   2.4700000e+02   3.0999859e-02
   8.4000000e+01   9.6000000e+01   3.3187125e-02
   1.6100000e+02   2.1000000e+02   3.4242270e-02
   4.4000000e+01   3.7300000e+02   3.5829970e-02
   1.5400000e+02   4.1800000e+02   3.8871483e-02
   8.2000000e+01   3.5500000e+02   3.9181428e-02
   3.8000000e+01   4.2000000e+01   4.0801862e-02
   2.4100000e+02   2.6100000e+02   4.1301969e-02
   1.5300000e+02   1.7800000e+02   4.2539578e-02
   8.0000000e+00   3.5400000e+02   4.3797655e-02
   1.1000000e+02   3.4400000e+02   4.4329068e-02
   2.0300000e+02   4.2700000e+02   4.5306722e-02
   3.4500000e+02   3.5300000e+02   4.5957956e-02
   1.5700000e+02   3.3800000e+02   4.6287335e-02
   2.3300000e+02   2.3700000e+02   4.7306254e-02
   2.1500000e+02   2.1900000e+02   5.1723656e-02
   6.7000000e+01   7.4000000e+01   5.2733118e-02
   2.0600000e+02   3.7000000e+02   5.4184940e-02
   3.7700000e+02   4.3600000e+02   5.4264502e-02
   3.2900000e+02   3.4300000e+02   5.4770262e-02
   2.0000000e+02   2.9600000e+02   5.5441713e-02
   3.7200000e+02   4.1700000e+02   5.8095306e-02
   1.1100000e+02   1.1600000e+02   5.8148861e-02
   2.0000000e+01   3.4000000e+01   5.8446337e-02
   1.8300000e+02   3.3700000e+02   5.9726253e-02
   1.4600000e+02   1.8900000e+02   6.1424759e-02
   4.1300000e+02   4.2500000e+02   6.2393738e-02
   3.1900000e+02   3.2500000e+02   6.2980129e-02
   1.7500000e+02   2.9100000e+02   6.2989630e-02
   1.6900000e+02   1.7300000e+02   6.3927269e-02
   3.6200000e+02   4.3300000e+02   6.4384336e-02
   2.2700000e+02   2.4200000e+02   6.6580829e-02
   3.1000000e+02   4.0900000e+02   6.8687748e-02
   3.7000000e+01   4.0700000e+02   6.8959259e-02
   1.8200000e+02   1.9000000e+02   7.6964545e-02
   3.2200000e+02   4.2800000e+02   7.8845663e-02
   3.0800000e+02   4.4200000e+02   7.9806182e-02
   1.4900000e+02   4.1400000e+02   8.1090143e-02
   3.8700000e+02   3.9800000e+02   8.4712504e-02
   3.6000000e+02   4.2300000e+02   8.7810031e-02
   3.3500000e+02   3.4000000e+02   8.8866802e-02
   1.9600000e+02   4.1000000e+02   9.1595710e-02
   2.5600000e+02   2.5900000e+02   9.2286017e-02
   3.4600000e+02   3.5000000e+02   9.5604946e-02
   2.7400000e+02   2.8200000e+02   9.6105994e-02
   2.7500000e+02   2.8000000e+02   9.6852676e-02
   7.3000000e+01   9.9000000e+01   9.8743284e-02
   1.2900000e+02   4.5100000e+02   9.8807077e-02
   2.1700000e+02   2.3500000e+02   1.0029275e-01
   1.6200000e+02   3.8200000e+02   1.0592199e-01
   1.4300000e+02   2.7300000e+02   1.0689913e-01
   2.6900000e+02   3.9300000e+02   1.0742451e-01
   1.6600000e+02   3.7600000e+02   1.1335484e-01
   3.6100000e+02   3.6500000e+02   1.1690444e-01
   2.4600000e+02   4.6600000e+02   1.1937706e-01
   3.7800000e+02   4.2100000e+02   1.2053371e-01
   1.3500000e+02   4.7800000e+02   1.2584819e-01
   3.5900000e+02   4.5800000e+02   1.3185965e-01
   4.3100000e+02   4.7200000e+02   1.3266730e-01
   1.9100000e+02   2.1100000e+02   1.3311798e-01
   4.0600000e+02   4.6500000e+02   1.3711716e-01
   1.9400000e+02   3.0400000e+02   1.3745831e-01
   2.2500000e+02   4.1100000e+02   1.3757397e-01
   2.1300000e+02   3.8500000e+02   1.5031797e-01
   3.5700000e+02   4.8700000e+02   1.5597882e-01
   4.2200000e+02   4.5400000e+02   1.5683465e-01
   9.8000000e+01   4.2000000e+02   1.6435269e-01
   3.8000000e+02   4.5300000e+02   1.6507263e-01
   4.0400000e+02   4.1600000e+02   1.7358144e-01
   3.9600000e+02   4.6000000e+02   1.7672407e-01
   4.3800000e+02   4.5500000e+02   1.8977778e-01
   3.0500000e+02   3.4100000e+02   1.9061430e-01
   3.2600000e+02   4.7900000e+02   1.9463165e-01
   3.7900000e+02   4.6200000e+02   1.9823537e-01
   4.1200000e+02   4.5700000e+02   2.0377261e-01
   4.4000000e+02   4.9300000e+02   2.0574610e-01
   3.7400000e+02   4.4700000e+02   2.1451264e-01
   2.7900000e+02   4.0000000e+02   2.1537650e-01
   4.6700000e+02   4.7700000e+02   2.1640672e-01
   4.2400000e+02   4.8000000e+02   2.1784406e-01
   3.8600000e+02   4.3700000e+02   2.1868307e-01
   3.8900000e+02   4.3900000e+02   2.2040242e-01
   3.8800000e+02   4.6300000e+02   2.2180870e-01
   2.4400000e+02   4.4600000e+02   2.2223872e-01
   2.9500000e+02   4.0300000e+02   2.2595173e-01
   3.8100000e+02   3.9200000e+02   2.2953540e-01
   4.4100000e+02   4.8900000e+02   2.2975198e-01
   3.6400000e+02   4.4500000e+02   2.3379624e-01
   4.1500000e+02   4.6100000e+02   2.4150405e-01
   4.0200000e+02   4.4900000e+02   2.4582398e-01
   1.5500000e+02   4.8800000e+02   2.4704720e-01
   3.9700000e+02   4.8200000e+02   2.4716385e-01
   4.3000000e+02   5.1000000e+02   2.4977221e-01
   1.4500000e+02   4.4800000e+02   2.5233166e-01
   3.3300000e+02   4.5200000e+02   2.5437083e-01
   2.8500000e+02   3.9400000e+02   2.5468173e-01
   3.6600000e+02   4.5900000e+02   2.5540325e-01
   1.1400000e+02   5.0300000e+02   2.6293907e-01
   4.7500000e+02   4.9800000e+02   2.6528793e-01
   4.0800000e+02   4.2900000e+02   2.7271624e-01
   1.0500000e+02   2.1200000e+02   2.7456656e-01
   4.8100000e+02   5.0600000e+02   2.7995596e-01
   4.7100000e+02   5.0500000e+02   2.8112756e-01
   4.5000000e+02   4.8400000e+02   2.8944617e-01
   4.9400000e+02   5.1900000e+02   3.1075023e-01
   4.4300000e+02   4.7400000e+02   3.2619481e-01
   4.9000000e+02   4.9600000e+02   3.5707278e-01
   4.1900000e+02   4.8600000e+02   3.5986347e-01
   3.9000000e+02   4.7600000e+02   3.6054727e-01
   4.7000000e+02   5.2600000e+02   3.6115029e-01
   4.6900000e+02   4.7300000e+02   3.7850545e-01
   5.0200000e+02   5.1800000e+02   3.9268027e-01
   3.8400000e+02   4.9200000e+02   4.0075760e-01
   4.3400000e+02   4.9100000e+02   4.0387730e-01
   4.2600000e+02   5.2200000e+02   4.1836604e-01
   4.3200000e+02   5.3200000e+02   4.2223945e-01
   4.9700000e+02   5.2000000e+02   4.2826082e-01
   4.8300000e+02   5.1700000e+02   4.3814568e-01
   5.1400000e+02   5.3700000e+02   4.4034513e-01
   4.0100000e+02   5.1500000e+02   4.4239636e-01
   3.9900000e+02   5.0000000e+02   4.5185569e-01
   4.6800000e+02   5.0700000e+02   4.5503656e-01
   3.8300000e+02   4.3500000e+02   4.5871496e-01
   4.5600000e+02   5.3900000e+02   4.7243620e-01
   4.9900000e+02   5.3500000e+02   4.7701256e-01
   5.3600000e+02   5.4200000e+02   4.8796911e-01
   5.0900000e+02   5.4700000e+02   5.1165990e-01
   3.2700000e+02   5.0400000e+02   5.1172496e-01
   5.1200000e+02   5.3400000e+02   5.1250837e-01
   5.2700000e+02   5.4000000e+02   5.1269414e-01
   5.3100000e+02   5.5500000e+02   5.2126606e-01
   5.0100000e+02   5.0800000e+02   5.4262070e-01
   4.8500000e+02   5.2500000e+02   5.4290962e-01
   4.4400000e+02   5.3800000e+02   5.4575774e-01
   4.9500000e+02   5.4500000e+02   5.5594531e-01
   3.0100000e+02   5.6100000e+02   5.6663255e-01
   5.1300000e+02   5.6600000e+02   5.7258083e-01
   5.2800000e+02   5.5300000e+02   5.9855881e-01
   5.2300000e+02   5.5000000e+02   6.1535288e-01
   5.2100000e+02   5.5200000e+02   6.2966188e-01
   5.2900000e+02   5.4400000e+02   6.4342475e-01
   5.2400000e+02   5.5400000e+02   6.4485707e-01
   5.1100000e+02   5.7000000e+02   6.5079765e-01
   5.4900000e+02   5.6700000e+02   6.6521229e-01
   4.6400000e+02   5.4100000e+02   6.7065708e-01
   5.1600000e+02   5.6800000e+02   6.7086858e-01
   5.5800000e+02   5.6300000e+02   7.0394815e-01
   5.4800000e+02   5.5700000e+02   7.4362504e-01
   5.4600000e+02   5.6400000e+02   8.0582297e-01
   5.6200000e+02   5.7800000e+02   8.2014476e-01
   5.5100000e+02   5.7700000e+02   8.4541645e-01
   5.6500000e+02   5.7200000e+02   8.8578204e-01
   5.7400000e+02   5.8100000e+02   8.9086914e-01
   5.3000000e+02   5.6900000e+02   9.3002121e-01
   5.3300000e+02   5.8000000e+02   9.5393721e-01
   5.5600000e+02   5.6000000e+02   9.6311959e-01
   5.7500000e+02   5.8400000e+02   9.9699544e-01
   5.7600000e+02   5.8200000e+02   1.1166992e+00
   5.4300000e+02   5.7300000e+02   1.1264811e+00
   5.7100000e+02   5.8600000e+02   1.1941635e+00
   5.5900000e+02   5.8700000e+02   1.2800831e+00
   5.7900000e+02   5.8300000e+02   1.2891909e+00
   5.8900000e+02   5.9100000e+02   1.3778879e+00
   5.8500000e+02   5.8800000e+02   1.7318261e+00
   5.9300000e+02   5.9400000e+02   1.7451450e+00
   5.9500000e+02   5.9600000e+02   2.0789502e+00
   5.9200000e+02   5.9700000e+02   2.3788704e+00
   5.9000000e+02   5.9800000e+02   2.6743639e+00
