   6.3000000e+01   1.5600000e+02   0.0000000e+00
   1.9000000e+01   9.8000000e+01   0.0000000e+00
   8.9000000e+01   9.7000000e+01   0.0000000e+00
   8.1000000e+01   3.0300000e+02   0.0000000e+00
   4.7000000e+01   9.5000000e+01   0.0000000e+00
   7.0000000e+00   9.2000000e+01   0.0000000e+00
   3.0000000e+00   3.0600000e+02   0.0000000e+00
   1.0000000e+00   3.8000000e+01   0.0000000e+00
   9.0000000e+00   3.0700000e+02   0.0000000e+00
   1.1000000e+01   3.0900000e+02   0.0000000e+00
   8.0000000e+00   1.2000000e+01   0.0000000e+00
   6.0000000e+00   3.1000000e+02   0.0000000e+00
   1.0000000e+01   1.3000000e+01   0.0000000e+00
   1.4000000e+01   3.1200000e+02   0.0000000e+00
   5.8000000e+01   3.1400000e+02   0.0000000e+00
   1.7000000e+01   3.1500000e+02   0.0000000e+00
   3.1000000e+01   3.1300000e+02   0.0000000e+00
   1.8000000e+01   3.1600000e+02   0.0000000e+00
   5.3000000e+01   7.1000000e+01   0.0000000e+00
   1.5000000e+01   2.0000000e+01   0.0000000e+00
   4.3000000e+01   1.3000000e+02   0.0000000e+00
   1.0600000e+02   1.2600000e+02   0.0000000e+00
   1.0100000e+02   1.0300000e+02   0.0000000e+00
   2.4000000e+01   6.7000000e+01   0.0000000e+00
   1.0900000e+02   1.1200000e+02   0.0000000e+00
   5.0000000e+00   3.1800000e+02   0.0000000e+00
   2.5000000e+01   9.3000000e+01   0.0000000e+00
   2.3000000e+01   3.2100000e+02   0.0000000e+00
   4.0000000e+00   6.9000000e+01   0.0000000e+00
   5.9000000e+01   3.2900000e+02   0.0000000e+00
   4.2000000e+01   3.1100000e+02   0.0000000e+00
   3.3000000e+01   3.3000000e+02   0.0000000e+00
   3.2000000e+01   3.5000000e+01   0.0000000e+00
   2.7000000e+01   8.5000000e+01   0.0000000e+00
   5.6000000e+01   3.3300000e+02   0.0000000e+00
   2.5700000e+02   2.8900000e+02   0.0000000e+00
   3.9000000e+01   3.2500000e+02   0.0000000e+00
   4.6000000e+01   3.3700000e+02   0.0000000e+00
   4.0000000e+01   3.3100000e+02   0.0000000e+00
   3.0000000e+01   3.3800000e+02   0.0000000e+00
   9.4000000e+01   1.1900000e+02   0.0000000e+00
   4.4000000e+01   6.2000000e+01   0.0000000e+00
   4.1000000e+01   7.7000000e+01   0.0000000e+00
   2.8000000e+01   3.2600000e+02   0.0000000e+00
   5.7000000e+01   3.0100000e+02   0.0000000e+00
   2.2000000e+01   3.3500000e+02   0.0000000e+00
   5.0000000e+01   3.3200000e+02   0.0000000e+00
   7.2000000e+01   1.0800000e+02   0.0000000e+00
   5.1000000e+01   1.0000000e+02   0.0000000e+00
   4.9000000e+01   3.4600000e+02   0.0000000e+00
   2.1000000e+01   3.5000000e+02   0.0000000e+00
   5.5000000e+01   3.0400000e+02   0.0000000e+00
   1.2100000e+02   1.4100000e+02   0.0000000e+00
   6.1000000e+01   1.2800000e+02   0.0000000e+00
   3.6000000e+01   8.8000000e+01   0.0000000e+00
   6.0000000e+01   3.4200000e+02   0.0000000e+00
   9.0000000e+01   3.2700000e+02   0.0000000e+00
   1.6000000e+01   6.6000000e+01   0.0000000e+00
   7.0000000e+01   3.4900000e+02   0.0000000e+00
   7.8000000e+01   1.0200000e+02   0.0000000e+00
   2.9000000e+01   4.5000000e+01   0.0000000e+00
   5.2000000e+01   3.5700000e+02   0.0000000e+00
   6.4000000e+01   3.5900000e+02   0.0000000e+00
   3.7000000e+01   3.3400000e+02   0.0000000e+00
   1.5200000e+02   1.6500000e+02   0.0000000e+00
   2.0000000e+00   3.1700000e+02   6.4125810e-03
   8.0000000e+01   3.0500000e+02   7.4678678e-03
   7.9000000e+01   1.2500000e+02   1.0557164e-02
   9.1000000e+01   1.0400000e+02   1.4148424e-02
   2.6000000e+01   8.6000000e+01   1.8210878e-02
   3.3900000e+02   3.4400000e+02   1.8898308e-02
   7.4000000e+01   7.6000000e+01   1.9487697e-02
   3.0800000e+02   3.2000000e+02   2.5020823e-02
   8.7000000e+01   1.2400000e+02   2.7774968e-02
   3.2300000e+02   3.4500000e+02   2.8927734e-02
   1.1800000e+02   1.4800000e+02   3.0931626e-02
   8.4000000e+01   1.3100000e+02   3.4207059e-02
   1.3300000e+02   1.3400000e+02   3.8087514e-02
   4.8000000e+01   3.2400000e+02   3.9852460e-02
   8.3000000e+01   1.1700000e+02   4.0156029e-02
   6.8000000e+01   3.6400000e+02   4.6765295e-02
   3.5400000e+02   3.5500000e+02   5.5632679e-02
   1.0700000e+02   1.4000000e+02   5.9071552e-02
   5.4000000e+01   3.5100000e+02   5.9379222e-02
   1.1600000e+02   3.7600000e+02   6.0834963e-02
   1.4700000e+02   3.7200000e+02   6.2293881e-02
   2.8000000e+02   2.9600000e+02   6.6250232e-02
   1.3200000e+02   1.4200000e+02   6.7135171e-02
   2.1200000e+02   2.7900000e+02   6.7594885e-02
   7.5000000e+01   3.0200000e+02   6.7830243e-02
   6.5000000e+01   3.5600000e+02   7.0864119e-02
   3.1900000e+02   3.6200000e+02   7.8924797e-02
   1.2300000e+02   3.7800000e+02   8.1368838e-02
   3.4300000e+02   3.6100000e+02   8.2804321e-02
   3.4100000e+02   3.6800000e+02   8.2971256e-02
   2.7200000e+02   3.3600000e+02   8.4077311e-02
   1.1000000e+02   3.6700000e+02   9.1943503e-02
   1.3800000e+02   1.6600000e+02   9.9981428e-02
   1.3600000e+02   3.7900000e+02   1.0138248e-01
   3.2200000e+02   3.7500000e+02   1.0356741e-01
   3.5300000e+02   3.8300000e+02   1.0415674e-01
   1.2200000e+02   1.5100000e+02   1.0670722e-01
   1.5900000e+02   1.6700000e+02   1.1146383e-01
   2.8300000e+02   2.8700000e+02   1.1150121e-01
   1.6300000e+02   1.8200000e+02   1.2005487e-01
   3.2800000e+02   3.4000000e+02   1.2234060e-01
   2.3200000e+02   3.9600000e+02   1.2242080e-01
   1.1100000e+02   3.7700000e+02   1.2296694e-01
   1.1500000e+02   3.5800000e+02   1.2367150e-01
   1.2000000e+02   1.2700000e+02   1.2741669e-01
   1.6400000e+02   1.8700000e+02   1.2764155e-01
   3.7000000e+02   3.9400000e+02   1.3227370e-01
   3.8500000e+02   3.9800000e+02   1.3689009e-01
   8.2000000e+01   4.0600000e+02   1.3851266e-01
   1.3700000e+02   4.0200000e+02   1.4257867e-01
   1.9700000e+02   2.0900000e+02   1.4347079e-01
   2.0100000e+02   2.2900000e+02   1.4414182e-01
   3.8800000e+02   4.0100000e+02   1.4916598e-01
   2.2800000e+02   2.6200000e+02   1.4992575e-01
   2.0600000e+02   2.2300000e+02   1.5098117e-01
   1.4900000e+02   1.9600000e+02   1.5160858e-01
   3.4000000e+01   3.7100000e+02   1.5268838e-01
   2.3600000e+02   2.7100000e+02   1.5765749e-01
   1.5000000e+02   1.9500000e+02   1.5796344e-01
   1.5300000e+02   3.8600000e+02   1.6544193e-01
   3.6600000e+02   3.7300000e+02   1.6612434e-01
   2.0500000e+02   2.2400000e+02   1.7066687e-01
   2.0400000e+02   2.4600000e+02   1.7654600e-01
   1.5400000e+02   4.1800000e+02   1.7964205e-01
   1.3900000e+02   3.9300000e+02   1.8445457e-01
   3.4700000e+02   3.8400000e+02   1.8497086e-01
   9.9000000e+01   1.3500000e+02   1.8553501e-01
   1.8500000e+02   2.0200000e+02   1.8572731e-01
   3.4800000e+02   3.6300000e+02   1.8694440e-01
   3.6000000e+02   3.8000000e+02   1.8752864e-01
   1.5700000e+02   3.6500000e+02   1.8833360e-01
   1.9800000e+02   4.0900000e+02   1.8871775e-01
   2.4000000e+02   2.6700000e+02   1.9091569e-01
   2.7500000e+02   2.9800000e+02   1.9149771e-01
   1.9000000e+02   4.2500000e+02   1.9370967e-01
   1.7600000e+02   1.7700000e+02   1.9454300e-01
   3.7400000e+02   3.8200000e+02   1.9520301e-01
   1.6000000e+02   4.2100000e+02   1.9720723e-01
   2.0800000e+02   4.1200000e+02   2.1090529e-01
   1.8000000e+02   1.9900000e+02   2.1410751e-01
   1.7100000e+02   1.7500000e+02   2.1731037e-01
   1.8300000e+02   2.1400000e+02   2.2049091e-01
   2.6400000e+02   3.8700000e+02   2.2184070e-01
   4.1000000e+02   4.2900000e+02   2.2437496e-01
   1.7800000e+02   2.7300000e+02   2.2488011e-01
   3.5200000e+02   4.4200000e+02   2.3075308e-01
   2.2000000e+02   2.6000000e+02   2.3390549e-01
   4.1300000e+02   4.1500000e+02   2.3538731e-01
   1.1300000e+02   4.3100000e+02   2.3758032e-01
   7.3000000e+01   4.1400000e+02   2.3758697e-01
   2.4500000e+02   2.5900000e+02   2.3825488e-01
   1.9100000e+02   2.1000000e+02   2.4214508e-01
   1.4400000e+02   4.0800000e+02   2.4353224e-01
   1.1400000e+02   1.2900000e+02   2.4589970e-01
   2.2200000e+02   2.5000000e+02   2.4949229e-01
   1.8100000e+02   4.0500000e+02   2.4974808e-01
   2.1600000e+02   4.4000000e+02   2.5345047e-01
   1.7200000e+02   3.6900000e+02   2.5348762e-01
   1.8900000e+02   2.3500000e+02   2.5373491e-01
   2.0300000e+02   2.0700000e+02   2.5520786e-01
   2.4100000e+02   2.6100000e+02   2.5624499e-01
   2.1100000e+02   2.5300000e+02   2.5646015e-01
   1.8600000e+02   2.8400000e+02   2.5698758e-01
   2.2500000e+02   2.5500000e+02   2.6013133e-01
   1.5800000e+02   2.3400000e+02   2.6579947e-01
   1.6800000e+02   1.7000000e+02   2.6699317e-01
   3.9900000e+02   4.3200000e+02   2.6842298e-01
   2.1300000e+02   2.3900000e+02   2.6921991e-01
   4.2400000e+02   4.6900000e+02   2.7078064e-01
   4.3000000e+02   4.5300000e+02   2.7120383e-01
   9.6000000e+01   4.3400000e+02   2.7336324e-01
   1.4500000e+02   4.3500000e+02   2.7511171e-01
   2.1700000e+02   2.5800000e+02   2.7805109e-01
   2.1800000e+02   4.7000000e+02   2.8135692e-01
   2.4200000e+02   2.5200000e+02   2.8333599e-01
   1.4300000e+02   1.9400000e+02   2.8488573e-01
   1.7300000e+02   4.4900000e+02   2.8539821e-01
   1.7900000e+02   4.5500000e+02   2.8629395e-01
   1.8400000e+02   3.9700000e+02   2.8991090e-01
   2.3100000e+02   4.4600000e+02   2.9250267e-01
   1.6900000e+02   3.9000000e+02   2.9309746e-01
   2.5400000e+02   2.9500000e+02   2.9392978e-01
   2.0000000e+02   2.8200000e+02   2.9548050e-01
   2.5600000e+02   2.8800000e+02   2.9858122e-01
   1.4600000e+02   1.6200000e+02   3.0168221e-01
   2.6900000e+02   4.8000000e+02   3.1141242e-01
   2.3800000e+02   2.4800000e+02   3.1165060e-01
   3.9100000e+02   3.9500000e+02   3.1200071e-01
   2.6800000e+02   4.4300000e+02   3.1234682e-01
   1.8800000e+02   4.0700000e+02   3.1888801e-01
   4.0300000e+02   4.7500000e+02   3.2517937e-01
   2.3000000e+02   2.8500000e+02   3.2670451e-01
   1.7400000e+02   4.7900000e+02   3.3015795e-01
   2.1500000e+02   2.9200000e+02   3.3308187e-01
   2.4300000e+02   4.5200000e+02   3.3422558e-01
   2.2700000e+02   4.6200000e+02   3.3693341e-01
   4.4700000e+02   4.6100000e+02   3.4200366e-01
   2.5100000e+02   4.3700000e+02   3.4388953e-01
   2.7000000e+02   2.9100000e+02   3.5205736e-01
   2.4900000e+02   4.2000000e+02   3.5595066e-01
   2.6500000e+02   4.6600000e+02   3.5960907e-01
   4.1600000e+02   4.2700000e+02   3.6031930e-01
   2.7400000e+02   4.6800000e+02   3.6060896e-01
   2.6300000e+02   2.7700000e+02   3.6124643e-01
   2.2600000e+02   4.7100000e+02   3.6329275e-01
   4.1100000e+02   4.7400000e+02   3.6466431e-01
   4.8100000e+02   5.1000000e+02   3.6732232e-01
   2.9400000e+02   4.8700000e+02   3.7176115e-01
   1.0500000e+02   4.3600000e+02   3.7184429e-01
   1.9200000e+02   4.2800000e+02   3.7226437e-01
   2.9300000e+02   4.5600000e+02   3.7904475e-01
   1.5500000e+02   4.8300000e+02   3.8125369e-01
   2.3300000e+02   2.3700000e+02   3.8442399e-01
   4.2200000e+02   4.4400000e+02   3.9718570e-01
   4.3300000e+02   5.1400000e+02   3.9844469e-01
   2.8600000e+02   3.0000000e+02   4.0071868e-01
   4.0000000e+02   4.5100000e+02   4.0086773e-01
   1.9300000e+02   4.9800000e+02   4.0275017e-01
   4.5800000e+02   4.9000000e+02   4.0725765e-01
   2.6600000e+02   2.9700000e+02   4.0972914e-01
   2.8100000e+02   4.7200000e+02   4.0979019e-01
   4.3800000e+02   5.0900000e+02   4.1109309e-01
   4.1900000e+02   4.6300000e+02   4.1355342e-01
   4.8400000e+02   4.8600000e+02   4.1460355e-01
   4.7600000e+02   4.9300000e+02   4.1639871e-01
   2.1900000e+02   4.9900000e+02   4.2548147e-01
   2.4400000e+02   2.4700000e+02   4.2880447e-01
   4.4100000e+02   4.6500000e+02   4.2889754e-01
   4.1700000e+02   5.0500000e+02   4.3024571e-01
   4.8200000e+02   4.9600000e+02   4.3865833e-01
   2.7600000e+02   4.9400000e+02   4.3871329e-01
   2.9000000e+02   4.9200000e+02   4.3978788e-01
   4.6400000e+02   5.1800000e+02   4.4109414e-01
   1.6100000e+02   2.9900000e+02   4.4893665e-01
   2.7800000e+02   5.2500000e+02   4.6315311e-01
   2.2100000e+02   4.0400000e+02   4.6697310e-01
   4.9100000e+02   5.0000000e+02   4.7326803e-01
   3.8100000e+02   4.5900000e+02   4.7434345e-01
   4.6000000e+02   5.3400000e+02   4.7792604e-01
   4.4800000e+02   5.0300000e+02   4.8505298e-01
   4.4500000e+02   5.1200000e+02   4.8536564e-01
   4.5000000e+02   4.8800000e+02   4.8793911e-01
   5.1100000e+02   5.3600000e+02   4.8937901e-01
   4.5700000e+02   4.7300000e+02   4.8985795e-01
   5.0800000e+02   5.3900000e+02   5.0773300e-01
   4.8500000e+02   5.1500000e+02   5.1223679e-01
   5.3100000e+02   5.3700000e+02   5.1732433e-01
   4.7800000e+02   4.8900000e+02   5.2141049e-01
   5.2100000e+02   5.3200000e+02   5.2724935e-01
   5.3800000e+02   5.4500000e+02   5.3611575e-01
   5.2000000e+02   5.4800000e+02   5.4116365e-01
   5.4600000e+02   5.4700000e+02   5.4396826e-01
   3.8900000e+02   4.9700000e+02   5.4546027e-01
   5.2700000e+02   5.4200000e+02   5.4564546e-01
   4.3900000e+02   5.0600000e+02   5.5093255e-01
   5.4000000e+02   5.5400000e+02   5.5877280e-01
   4.9500000e+02   5.4100000e+02   5.5922375e-01
   5.0100000e+02   5.0200000e+02   5.7378324e-01
   5.0400000e+02   5.2300000e+02   5.7596925e-01
   5.1600000e+02   5.5300000e+02   5.7998089e-01
   5.3300000e+02   5.5700000e+02   5.8123197e-01
   4.6700000e+02   5.5800000e+02   5.9117779e-01
   4.2300000e+02   5.5900000e+02   5.9339347e-01
   5.0700000e+02   5.4400000e+02   6.0452783e-01
   5.5100000e+02   5.6600000e+02   6.2248991e-01
   5.1300000e+02   5.6100000e+02   6.3327943e-01
   5.5000000e+02   5.6700000e+02   6.3795247e-01
   3.9200000e+02   5.1900000e+02   6.4829330e-01
   5.6000000e+02   5.7100000e+02   6.6650848e-01
   5.2600000e+02   5.6400000e+02   6.6846155e-01
   5.1700000e+02   5.3000000e+02   6.8401338e-01
   5.6500000e+02   5.7200000e+02   6.9733249e-01
   5.5200000e+02   5.6800000e+02   6.9903827e-01
   5.4900000e+02   5.7400000e+02   7.0252247e-01
   5.2400000e+02   5.2800000e+02   7.3144370e-01
   5.5600000e+02   5.6300000e+02   7.3238057e-01
   4.2600000e+02   5.5500000e+02   7.3825379e-01
   5.7700000e+02   5.7900000e+02   8.0142821e-01
   5.7000000e+02   5.7800000e+02   8.5991291e-01
   5.4300000e+02   5.6200000e+02   8.6378851e-01
   4.7700000e+02   5.8000000e+02   8.8873501e-01
   4.5400000e+02   5.7300000e+02   8.9173151e-01
   5.6900000e+02   5.7500000e+02   9.2838009e-01
   5.7600000e+02   5.8500000e+02   1.0108904e+00
   5.8300000e+02   5.8400000e+02   1.0585793e+00
   5.8600000e+02   5.8800000e+02   1.1162526e+00
   5.2900000e+02   5.8100000e+02   1.1212959e+00
   5.2200000e+02   5.3500000e+02   1.1944512e+00
   5.9000000e+02   5.9200000e+02   1.2816525e+00
   5.8200000e+02   5.8700000e+02   1.3369843e+00
   5.9100000e+02   5.9400000e+02   1.4049990e+00
   5.9300000e+02   5.9600000e+02   1.8368808e+00
   5.8900000e+02   5.9700000e+02   2.2727871e+00
   5.9500000e+02   5.9800000e+02   2.9924460e+00
