   6.6000000e+01   8.4000000e+01   0.0000000e+00
   4.3000000e+01   2.0100000e+02   0.0000000e+00
   3.1000000e+01   2.0200000e+02   0.0000000e+00
   1.0000000e+00   7.0000000e+00   0.0000000e+00
   6.9000000e+01   8.1000000e+01   0.0000000e+00
   6.0000000e+00   6.3000000e+01   0.0000000e+00
   2.0000000e+00   3.0000000e+00   0.0000000e+00
   8.0000000e+00   2.0700000e+02   0.0000000e+00
   9.0000000e+00   2.0800000e+02   0.0000000e+00
   1.6200000e+02   1.9200000e+02   0.0000000e+00
   3.7000000e+01   5.8000000e+01   0.0000000e+00
   4.0000000e+00   2.0900000e+02   0.0000000e+00
   1.2000000e+01   1.8000000e+01   0.0000000e+00
   1.3000000e+01   2.1200000e+02   0.0000000e+00
   2.2000000e+01   3.4000000e+01   0.0000000e+00
   1.5000000e+01   2.1300000e+02   0.0000000e+00
   1.1000000e+01   2.1000000e+02   0.0000000e+00
   1.9000000e+01   5.1000000e+01   0.0000000e+00
   5.0000000e+01   5.2000000e+01   0.0000000e+00
   2.1000000e+01   4.6000000e+01   0.0000000e+00
   2.3000000e+01   7.2000000e+01   0.0000000e+00
   1.4600000e+02   1.5400000e+02   0.0000000e+00
   2.4000000e+01   5.5000000e+01   0.0000000e+00
   4.1000000e+01   2.2300000e+02   0.0000000e+00
   4.7000000e+01   7.4000000e+01   0.0000000e+00
   2.6000000e+01   3.8000000e+01   0.0000000e+00
   1.6000000e+01   2.1400000e+02   0.0000000e+00
   4.4000000e+01   2.1800000e+02   0.0000000e+00
   5.9000000e+01   1.1500000e+02   0.0000000e+00
   4.5000000e+01   2.2900000e+02   0.0000000e+00
   1.3500000e+02   1.4500000e+02   0.0000000e+00
   9.1000000e+01   9.3000000e+01   0.0000000e+00
   6.7000000e+01   2.3200000e+02   0.0000000e+00
   1.2800000e+02   1.8200000e+02   0.0000000e+00
   2.8000000e+01   9.6000000e+01   0.0000000e+00
   8.0000000e+01   1.2000000e+02   0.0000000e+00
   4.8000000e+01   1.0700000e+02   0.0000000e+00
   3.0000000e+01   7.5000000e+01   0.0000000e+00
   3.2000000e+01   2.3500000e+02   0.0000000e+00
   6.5000000e+01   7.0000000e+01   0.0000000e+00
   6.8000000e+01   7.3000000e+01   0.0000000e+00
   4.0000000e+01   8.2000000e+01   0.0000000e+00
   9.2000000e+01   9.7000000e+01   0.0000000e+00
   1.0100000e+02   1.0300000e+02   0.0000000e+00
   5.6000000e+01   7.9000000e+01   0.0000000e+00
   1.3200000e+02   1.5700000e+02   0.0000000e+00
   1.4900000e+02   1.7900000e+02   0.0000000e+00
   1.3100000e+02   2.4700000e+02   0.0000000e+00
   1.2700000e+02   1.4400000e+02   0.0000000e+00
   1.2200000e+02   1.8600000e+02   0.0000000e+00
   1.7200000e+02   1.7400000e+02   0.0000000e+00
   1.9900000e+02   2.0000000e+02   0.0000000e+00
   1.8000000e+02   1.9600000e+02   0.0000000e+00
   1.7000000e+02   1.7300000e+02   0.0000000e+00
   1.6600000e+02   1.9500000e+02   0.0000000e+00
   1.6400000e+02   1.6700000e+02   0.0000000e+00
   1.3600000e+02   1.3700000e+02   3.0714887e-04
   1.4100000e+02   2.4900000e+02   1.3874281e-03
   1.0000000e+01   2.2700000e+02   3.4819369e-03
   2.5000000e+01   4.2000000e+01   5.1982662e-03
   5.4000000e+01   2.3700000e+02   5.6725506e-03
   1.0500000e+02   1.2600000e+02   6.5858587e-03
   1.4000000e+01   2.0400000e+02   8.2341724e-03
   1.9000000e+02   1.9800000e+02   1.1080123e-02
   2.2500000e+02   2.2600000e+02   1.7458576e-02
   9.4000000e+01   1.0400000e+02   1.8214357e-02
   7.7000000e+01   2.3600000e+02   1.8286023e-02
   8.7000000e+01   1.1400000e+02   2.2857619e-02
   8.8000000e+01   1.0600000e+02   2.3196540e-02
   1.7800000e+02   1.8100000e+02   2.3845278e-02
   1.0800000e+02   2.2800000e+02   2.4781533e-02
   5.3000000e+01   2.3900000e+02   2.4820823e-02
   5.7000000e+01   1.0900000e+02   2.6156570e-02
   1.7100000e+02   1.7700000e+02   2.7061014e-02
   7.1000000e+01   9.0000000e+01   3.5383502e-02
   6.1000000e+01   6.2000000e+01   3.6627444e-02
   1.1300000e+02   1.1900000e+02   3.6785582e-02
   1.8900000e+02   1.9300000e+02   3.7560605e-02
   3.9000000e+01   2.4000000e+02   3.7868034e-02
   8.6000000e+01   2.3000000e+02   3.8132870e-02
   1.8300000e+02   2.5200000e+02   3.8817318e-02
   2.7000000e+01   2.0300000e+02   4.0301111e-02
   1.5900000e+02   1.6100000e+02   4.1370686e-02
   2.9000000e+01   2.1100000e+02   4.1669714e-02
   1.7600000e+02   2.3100000e+02   4.3639935e-02
   1.1700000e+02   2.4400000e+02   4.6674283e-02
   1.7500000e+02   1.8800000e+02   4.6905858e-02
   1.3400000e+02   1.5500000e+02   4.7648909e-02
   1.4200000e+02   1.5800000e+02   5.0717198e-02
   9.5000000e+01   2.3300000e+02   5.2540282e-02
   1.7000000e+01   1.1600000e+02   5.3106608e-02
   1.1200000e+02   2.7200000e+02   5.4510280e-02
   1.3800000e+02   2.6800000e+02   5.6395753e-02
   3.3000000e+01   8.3000000e+01   5.7432473e-02
   1.5000000e+02   1.5100000e+02   5.9436644e-02
   1.2500000e+02   1.3300000e+02   6.0643178e-02
   2.7300000e+02   2.8000000e+02   6.7396774e-02
   1.6000000e+02   1.9700000e+02   6.8026648e-02
   1.2100000e+02   2.4600000e+02   6.8087586e-02
   8.5000000e+01   2.6600000e+02   6.9945703e-02
   7.6000000e+01   2.8200000e+02   7.3948894e-02
   2.6100000e+02   2.7900000e+02   7.4089571e-02
   1.6800000e+02   1.8500000e+02   7.4346414e-02
   5.0000000e+00   2.6300000e+02   7.7637967e-02
   3.6000000e+01   2.1600000e+02   8.3692935e-02
   1.1000000e+02   1.3000000e+02   8.4742378e-02
   9.8000000e+01   2.7100000e+02   8.6727028e-02
   2.2000000e+02   2.8400000e+02   8.7452966e-02
   7.8000000e+01   1.1100000e+02   8.8309500e-02
   2.0600000e+02   2.2400000e+02   9.0820766e-02
   1.4000000e+02   2.5700000e+02   9.5680607e-02
   1.3900000e+02   2.2200000e+02   9.6541820e-02
   1.1800000e+02   2.6700000e+02   9.6543299e-02
   6.4000000e+01   2.2100000e+02   1.0545124e-01
   1.6500000e+02   2.5500000e+02   1.0572609e-01
   1.5600000e+02   2.9100000e+02   1.0719713e-01
   1.0200000e+02   2.4300000e+02   1.0886320e-01
   1.2400000e+02   2.8600000e+02   1.1303341e-01
   2.6000000e+02   3.0800000e+02   1.1429394e-01
   9.9000000e+01   2.7600000e+02   1.1559193e-01
   2.0000000e+01   3.5000000e+01   1.1918470e-01
   1.4300000e+02   1.4800000e+02   1.2063507e-01
   2.9000000e+02   3.0000000e+02   1.2104630e-01
   2.5100000e+02   2.8800000e+02   1.2148274e-01
   2.4500000e+02   2.9700000e+02   1.2288716e-01
   1.5200000e+02   1.8700000e+02   1.2372870e-01
   2.8300000e+02   2.9600000e+02   1.2532998e-01
   4.9000000e+01   3.0400000e+02   1.2697172e-01
   1.2300000e+02   1.5300000e+02   1.2864381e-01
   1.4700000e+02   2.1500000e+02   1.3981545e-01
   6.0000000e+01   2.3800000e+02   1.4017553e-01
   2.7700000e+02   3.1300000e+02   1.4605500e-01
   2.6200000e+02   3.1600000e+02   1.4992874e-01
   2.3400000e+02   3.0200000e+02   1.6500136e-01
   1.6900000e+02   3.2900000e+02   1.6933686e-01
   2.6500000e+02   3.0100000e+02   1.7067130e-01
   1.9100000e+02   2.8900000e+02   1.7136303e-01
   2.0500000e+02   2.1900000e+02   1.8260740e-01
   1.9400000e+02   2.5300000e+02   1.8829156e-01
   2.7500000e+02   2.9400000e+02   1.9073643e-01
   2.6900000e+02   3.2300000e+02   1.9665993e-01
   1.8400000e+02   2.7000000e+02   2.0493007e-01
   2.5400000e+02   3.1500000e+02   2.1508249e-01
   1.2900000e+02   2.9500000e+02   2.1625073e-01
   3.0900000e+02   3.1800000e+02   2.2044085e-01
   2.5000000e+02   3.3000000e+02   2.2880096e-01
   1.0000000e+02   2.9900000e+02   2.3164511e-01
   2.1700000e+02   3.3400000e+02   2.3451511e-01
   1.6300000e+02   3.0600000e+02   2.4034755e-01
   2.5600000e+02   2.8500000e+02   2.4282687e-01
   3.2100000e+02   3.2800000e+02   2.6059979e-01
   3.1700000e+02   3.3200000e+02   2.8066947e-01
   2.9300000e+02   3.3500000e+02   2.8822355e-01
   2.6400000e+02   2.7800000e+02   2.9536368e-01
   3.1000000e+02   3.1900000e+02   3.0604704e-01
   3.1100000e+02   3.4900000e+02   3.1487158e-01
   2.4100000e+02   3.1400000e+02   3.2365612e-01
   3.2700000e+02   3.3300000e+02   3.3136495e-01
   3.1200000e+02   3.3800000e+02   3.3432178e-01
   2.5900000e+02   3.0500000e+02   3.4584446e-01
   2.9200000e+02   3.0700000e+02   3.4693283e-01
   3.3100000e+02   3.4000000e+02   3.4796893e-01
   8.9000000e+01   3.3700000e+02   3.7565185e-01
   2.7400000e+02   3.2400000e+02   3.8364638e-01
   3.0300000e+02   3.5600000e+02   3.8468631e-01
   2.4800000e+02   2.5800000e+02   3.9031476e-01
   3.4100000e+02   3.5200000e+02   3.9387771e-01
   3.2600000e+02   3.3900000e+02   3.9872463e-01
   2.8700000e+02   3.6400000e+02   4.0997629e-01
   3.2200000e+02   3.4400000e+02   4.1425566e-01
   3.5300000e+02   3.6300000e+02   4.4458456e-01
   3.2500000e+02   3.5700000e+02   4.9377791e-01
   2.4200000e+02   3.4800000e+02   4.9644706e-01
   3.6500000e+02   3.7000000e+02   5.0264434e-01
   3.5800000e+02   3.6900000e+02   5.1287049e-01
   3.4500000e+02   3.4700000e+02   5.3309449e-01
   2.9800000e+02   3.5400000e+02   5.5939549e-01
   2.8100000e+02   3.6800000e+02   5.7825527e-01
   3.2000000e+02   3.7600000e+02   6.0818601e-01
   3.5500000e+02   3.5900000e+02   6.1111009e-01
   3.4200000e+02   3.5000000e+02   6.8267918e-01
   3.7400000e+02   3.7500000e+02   7.0005083e-01
   3.6100000e+02   3.6700000e+02   7.2164100e-01
   3.4600000e+02   3.7700000e+02   7.2486272e-01
   3.3600000e+02   3.6000000e+02   7.3420303e-01
   3.7800000e+02   3.8100000e+02   7.8428121e-01
   3.6600000e+02   3.8400000e+02   8.2259269e-01
   3.4300000e+02   3.8200000e+02   8.3377045e-01
   3.7100000e+02   3.8800000e+02   9.2440663e-01
   3.6200000e+02   3.7200000e+02   9.5969302e-01
   3.8600000e+02   3.8700000e+02   1.0020089e+00
   3.5100000e+02   3.8500000e+02   1.0390259e+00
   3.7900000e+02   3.8300000e+02   1.1328992e+00
   3.8000000e+02   3.9200000e+02   1.2574549e+00
   3.7300000e+02   3.9300000e+02   1.3959945e+00
   3.9000000e+02   3.9100000e+02   1.4744130e+00
   3.8900000e+02   3.9600000e+02   1.6487725e+00
   3.9500000e+02   3.9700000e+02   1.9406383e+00
   3.9400000e+02   3.9800000e+02   2.6398528e+00
