   1.6000000e+01   3.8000000e+01   0.0000000e+00
   1.3000000e+01   1.4000000e+01   0.0000000e+00
   2.0000000e+00   1.0200000e+02   0.0000000e+00
   1.0000000e+01   1.0300000e+02   0.0000000e+00
   9.0000000e+00   1.0400000e+02   0.0000000e+00
   5.0000000e+00   1.0100000e+02   0.0000000e+00
   6.0000000e+00   1.0500000e+02   0.0000000e+00
   4.0000000e+00   3.1000000e+01   0.0000000e+00
   1.0000000e+00   1.8000000e+01   0.0000000e+00
   2.4000000e+01   5.5000000e+01   0.0000000e+00
   7.0000000e+00   1.0700000e+02   0.0000000e+00
   3.0000000e+00   1.5000000e+01   0.0000000e+00
   2.9000000e+01   4.4000000e+01   0.0000000e+00
   3.5000000e+01   3.7000000e+01   0.0000000e+00
   2.8000000e+01   3.6000000e+01   0.0000000e+00
   3.0000000e+01   3.9000000e+01   0.0000000e+00
   4.6000000e+01   1.1600000e+02   0.0000000e+00
   2.1000000e+01   1.1400000e+02   2.1005751e-04
   1.7000000e+01   1.1300000e+02   9.6554971e-04
   1.1000000e+01   3.2000000e+01   3.6769823e-03
   2.2000000e+01   2.3000000e+01   9.0159089e-03
   8.0000000e+00   4.5000000e+01   2.2043932e-02
   5.6000000e+01   1.2000000e+02   2.5258749e-02
   1.9000000e+01   4.0000000e+01   3.0227526e-02
   4.7000000e+01   4.8000000e+01   4.8635520e-02
   1.0600000e+02   1.1100000e+02   5.8452879e-02
   2.7000000e+01   3.4000000e+01   6.6413194e-02
   1.0800000e+02   1.0900000e+02   6.6577957e-02
   5.9000000e+01   6.4000000e+01   8.4991516e-02
   1.2000000e+01   2.5000000e+01   8.5423789e-02
   4.3000000e+01   1.2400000e+02   9.3259524e-02
   1.1700000e+02   1.2200000e+02   9.5985426e-02
   6.8000000e+01   1.1200000e+02   9.9155247e-02
   6.2000000e+01   1.1000000e+02   1.0443336e-01
   4.9000000e+01   6.1000000e+01   1.0737852e-01
   5.0000000e+01   1.2100000e+02   1.1189443e-01
   1.1500000e+02   1.2500000e+02   1.1259541e-01
   4.1000000e+01   1.1800000e+02   1.2175654e-01
   2.6000000e+01   6.6000000e+01   1.2575978e-01
   1.2900000e+02   1.3500000e+02   1.2844638e-01
   7.6000000e+01   1.3300000e+02   1.4249583e-01
   6.3000000e+01   6.5000000e+01   1.4752778e-01
   5.7000000e+01   1.2700000e+02   1.4789988e-01
   4.2000000e+01   1.3700000e+02   1.5714431e-01
   3.3000000e+01   1.3100000e+02   1.6220139e-01
   2.0000000e+01   5.4000000e+01   1.6963606e-01
   1.2800000e+02   1.3000000e+02   1.7584230e-01
   1.4000000e+02   1.4100000e+02   1.9747699e-01
   7.3000000e+01   9.0000000e+01   1.9767524e-01
   5.3000000e+01   1.2300000e+02   2.0790835e-01
   6.7000000e+01   7.7000000e+01   2.1300242e-01
   7.2000000e+01   1.4400000e+02   2.2078794e-01
   6.9000000e+01   9.4000000e+01   2.2813801e-01
   5.2000000e+01   1.3900000e+02   2.3461734e-01
   5.1000000e+01   8.0000000e+01   2.4406090e-01
   7.0000000e+01   1.5100000e+02   2.4945680e-01
   1.4900000e+02   1.5300000e+02   2.5764466e-01
   7.8000000e+01   1.5600000e+02   2.6072615e-01
   7.1000000e+01   1.4200000e+02   2.6967356e-01
   8.1000000e+01   1.3400000e+02   2.7188332e-01
   8.9000000e+01   1.5800000e+02   2.8359288e-01
   1.2600000e+02   1.4300000e+02   2.8599429e-01
   8.2000000e+01   8.3000000e+01   3.0981642e-01
   8.5000000e+01   1.5700000e+02   3.1076696e-01
   8.4000000e+01   8.7000000e+01   3.1671571e-01
   5.8000000e+01   1.1900000e+02   3.1913876e-01
   8.8000000e+01   9.3000000e+01   3.2233616e-01
   1.4600000e+02   1.6500000e+02   3.3372889e-01
   7.5000000e+01   1.4800000e+02   3.4773406e-01
   7.9000000e+01   1.6100000e+02   3.4979286e-01
   9.5000000e+01   1.6400000e+02   3.5492523e-01
   1.5000000e+02   1.5400000e+02   3.7276067e-01
   1.5900000e+02   1.6900000e+02   3.8227044e-01
   9.1000000e+01   1.6700000e+02   3.8483075e-01
   9.2000000e+01   1.3600000e+02   3.8943257e-01
   6.0000000e+01   1.5500000e+02   4.0223553e-01
   9.7000000e+01   9.8000000e+01   4.0767599e-01
   7.4000000e+01   1.7100000e+02   4.1337285e-01
   9.6000000e+01   1.6300000e+02   4.2364990e-01
   1.6000000e+02   1.7200000e+02   4.3416013e-01
   1.0000000e+02   1.7700000e+02   4.5523021e-01
   8.6000000e+01   1.6800000e+02   4.5535986e-01
   1.7000000e+02   1.7800000e+02   4.6626032e-01
   1.7900000e+02   1.8300000e+02   4.7892350e-01
   1.3200000e+02   1.6600000e+02   4.9464066e-01
   1.3800000e+02   1.7600000e+02   5.0765302e-01
   9.9000000e+01   1.7400000e+02   5.3024489e-01
   1.4500000e+02   1.7500000e+02   5.4468955e-01
   1.8400000e+02   1.8700000e+02   5.6986482e-01
   1.6200000e+02   1.8500000e+02   6.2731258e-01
   1.8100000e+02   1.8200000e+02   6.4282952e-01
   1.5200000e+02   1.8600000e+02   6.4495753e-01
   1.4700000e+02   1.9100000e+02   7.9940113e-01
   1.7300000e+02   1.8000000e+02   9.5772485e-01
   1.8800000e+02   1.9300000e+02   1.0511224e+00
   1.9200000e+02   1.9400000e+02   1.2340333e+00
   1.8900000e+02   1.9500000e+02   1.2864762e+00
   1.9600000e+02   1.9700000e+02   1.4610403e+00
   1.9000000e+02   1.9800000e+02   1.9432413e+00
