   2.0000000e+00   1.1000000e+01   0.0000000e+00
   4.0000000e+00   1.0000000e+01   0.0000000e+00
   3.0000000e+00   5.2000000e+01   0.0000000e+00
   5.0000000e+00   2.8000000e+01   0.0000000e+00
   1.2000000e+01   1.6000000e+01   0.0000000e+00
   3.3000000e+01   3.7000000e+01   0.0000000e+00
   3.2000000e+01   5.6000000e+01   2.8087391e-03
   6.0000000e+00   3.5000000e+01   3.4989058e-02
   1.5000000e+01   4.0000000e+01   3.7526895e-02
   8.0000000e+00   2.5000000e+01   3.8450091e-02
   1.7000000e+01   2.1000000e+01   5.0228897e-02
   2.3000000e+01   5.3000000e+01   5.9140833e-02
   1.8000000e+01   1.9000000e+01   5.9221308e-02
   2.7000000e+01   5.4000000e+01   6.8849233e-02
   2.0000000e+01   2.4000000e+01   7.1512310e-02
   7.0000000e+00   5.8000000e+01   8.9875414e-02
   3.1000000e+01   6.4000000e+01   9.0518068e-02
   3.9000000e+01   4.2000000e+01   9.6881420e-02
   1.4000000e+01   6.0000000e+01   1.2810356e-01
   4.1000000e+01   6.8000000e+01   1.3953114e-01
   1.3000000e+01   2.6000000e+01   1.4467987e-01
   5.7000000e+01   5.9000000e+01   1.6025575e-01
   4.8000000e+01   6.6000000e+01   1.6072345e-01
   1.0000000e+00   6.7000000e+01   1.7892774e-01
   2.9000000e+01   5.5000000e+01   1.8306809e-01
   3.0000000e+01   6.9000000e+01   1.9014240e-01
   9.0000000e+00   6.5000000e+01   1.9840772e-01
   3.6000000e+01   7.0000000e+01   2.0203935e-01
   2.2000000e+01   4.3000000e+01   2.2002711e-01
   4.4000000e+01   4.5000000e+01   2.3871125e-01
   5.1000000e+01   6.2000000e+01   2.4782511e-01
   6.3000000e+01   7.9000000e+01   2.9613586e-01
   4.6000000e+01   8.0000000e+01   3.1018064e-01
   6.1000000e+01   8.1000000e+01   3.1240469e-01
   7.3000000e+01   7.8000000e+01   3.1726578e-01
   4.7000000e+01   7.6000000e+01   3.8379435e-01
   3.4000000e+01   3.8000000e+01   3.8799694e-01
   4.9000000e+01   8.3000000e+01   3.9936606e-01
   7.1000000e+01   7.5000000e+01   4.0298609e-01
   7.2000000e+01   7.7000000e+01   4.8706176e-01
   5.0000000e+01   8.7000000e+01   5.3212103e-01
   7.4000000e+01   8.4000000e+01   6.2026137e-01
   8.2000000e+01   9.1000000e+01   6.3083478e-01
   8.6000000e+01   8.8000000e+01   6.5738839e-01
   8.9000000e+01   9.3000000e+01   7.7845750e-01
   8.5000000e+01   9.5000000e+01   8.3537014e-01
   9.0000000e+01   9.2000000e+01   9.4502629e-01
   9.4000000e+01   9.6000000e+01   9.8220900e-01
   9.7000000e+01   9.8000000e+01   1.6353835e+00
