   6.6000000e+01   8.4000000e+01   0.0000000e+00
   4.3000000e+01   2.0100000e+02   0.0000000e+00
   3.7000000e+01   5.8000000e+01   0.0000000e+00
   1.0000000e+00   4.9000000e+01   0.0000000e+00
   1.8000000e+01   2.0400000e+02   0.0000000e+00
   2.0000000e+00   4.0000000e+00   0.0000000e+00
   7.0000000e+00   2.0500000e+02   0.0000000e+00
   8.0000000e+00   2.0600000e+02   0.0000000e+00
   9.0000000e+00   2.0800000e+02   0.0000000e+00
   1.1000000e+01   1.9200000e+02   0.0000000e+00
   1.0000000e+01   2.0900000e+02   0.0000000e+00
   1.2000000e+01   2.1100000e+02   0.0000000e+00
   1.3000000e+01   2.1200000e+02   0.0000000e+00
   1.5000000e+01   3.6000000e+01   0.0000000e+00
   3.0000000e+00   2.1300000e+02   0.0000000e+00
   5.9000000e+01   8.6000000e+01   0.0000000e+00
   2.2000000e+01   5.7000000e+01   0.0000000e+00
   1.7000000e+01   3.4000000e+01   0.0000000e+00
   1.6000000e+01   2.1500000e+02   0.0000000e+00
   2.5000000e+01   4.6000000e+01   0.0000000e+00
   1.9000000e+01   6.7000000e+01   0.0000000e+00
   6.0000000e+00   6.3000000e+01   0.0000000e+00
   2.1000000e+01   2.2000000e+02   0.0000000e+00
   4.7000000e+01   7.4000000e+01   0.0000000e+00
   2.6000000e+01   2.2400000e+02   0.0000000e+00
   3.8000000e+01   2.2500000e+02   0.0000000e+00
   2.4000000e+01   5.5000000e+01   0.0000000e+00
   3.0000000e+01   7.5000000e+01   0.0000000e+00
   3.1000000e+01   2.1900000e+02   0.0000000e+00
   2.8000000e+01   9.6000000e+01   0.0000000e+00
   4.5000000e+01   1.1500000e+02   0.0000000e+00
   3.2000000e+01   2.3000000e+02   0.0000000e+00
   6.5000000e+01   7.0000000e+01   0.0000000e+00
   4.1000000e+01   2.2700000e+02   0.0000000e+00
   4.8000000e+01   2.3300000e+02   0.0000000e+00
   5.6000000e+01   7.9000000e+01   0.0000000e+00
   3.9000000e+01   5.1000000e+01   4.8597427e-03
   4.0000000e+01   8.2000000e+01   9.3789479e-03
   4.4000000e+01   2.3700000e+02   9.3969594e-03
   3.5000000e+01   2.0700000e+02   1.9431680e-02
   2.3000000e+01   7.3000000e+01   2.0133517e-02
   8.5000000e+01   2.2100000e+02   3.0667422e-02
   2.9000000e+01   6.9000000e+01   3.3068557e-02
   2.0300000e+02   2.2300000e+02   3.3472883e-02
   5.0000000e+00   1.4000000e+01   3.4230893e-02
   2.7000000e+01   2.0200000e+02   4.0426455e-02
   2.2200000e+02   2.3400000e+02   4.2418580e-02
   9.1000000e+01   9.5000000e+01   4.4462611e-02
   2.1400000e+02   2.2900000e+02   4.4809313e-02
   2.1600000e+02   2.3600000e+02   4.6213552e-02
   8.0000000e+01   1.2000000e+02   4.8604998e-02
   3.3000000e+01   6.0000000e+01   5.6190565e-02
   5.0000000e+01   5.2000000e+01   6.6602952e-02
   9.3000000e+01   2.4800000e+02   6.8098848e-02
   7.7000000e+01   8.8000000e+01   7.7829415e-02
   6.1000000e+01   9.0000000e+01   7.9020736e-02
   2.2800000e+02   2.5200000e+02   7.9312099e-02
   4.2000000e+01   2.4400000e+02   8.3883845e-02
   1.1200000e+02   2.3200000e+02   8.9046261e-02
   5.4000000e+01   2.3500000e+02   8.9849566e-02
   1.0100000e+02   1.0300000e+02   9.0883930e-02
   2.2600000e+02   2.4600000e+02   9.5739653e-02
   7.1000000e+01   2.1700000e+02   1.0053061e-01
   9.4000000e+01   2.3100000e+02   1.0297624e-01
   1.1600000e+02   2.1800000e+02   1.0658894e-01
   8.1000000e+01   2.4300000e+02   1.0957354e-01
   1.1300000e+02   2.5100000e+02   1.1319333e-01
   8.7000000e+01   1.0800000e+02   1.1622659e-01
   7.6000000e+01   1.5800000e+02   1.1984384e-01
   6.4000000e+01   1.1700000e+02   1.2185671e-01
   9.8000000e+01   2.3900000e+02   1.2278045e-01
   1.0400000e+02   2.5400000e+02   1.2289685e-01
   2.0000000e+01   2.4900000e+02   1.2450642e-01
   9.2000000e+01   1.0200000e+02   1.2473687e-01
   1.8200000e+02   2.1000000e+02   1.2639385e-01
   1.3200000e+02   1.5700000e+02   1.2851424e-01
   6.8000000e+01   2.4100000e+02   1.2933777e-01
   1.0500000e+02   1.1400000e+02   1.3503088e-01
   5.3000000e+01   2.5900000e+02   1.3509321e-01
   1.2300000e+02   1.5300000e+02   1.3758128e-01
   2.5600000e+02   2.6300000e+02   1.4618438e-01
   9.7000000e+01   2.6700000e+02   1.4839128e-01
   7.8000000e+01   1.1100000e+02   1.5673710e-01
   8.3000000e+01   2.4200000e+02   1.5738825e-01
   8.9000000e+01   1.9100000e+02   1.5856333e-01
   1.3800000e+02   2.8000000e+02   1.5880849e-01
   2.4000000e+02   2.4500000e+02   1.6110998e-01
   1.0900000e+02   2.5000000e+02   1.6211739e-01
   1.2100000e+02   2.7600000e+02   1.6637734e-01
   1.0600000e+02   2.7200000e+02   1.7575343e-01
   2.5500000e+02   2.6800000e+02   1.7950666e-01
   6.2000000e+01   9.9000000e+01   1.8257810e-01
   1.1800000e+02   2.8200000e+02   1.8655251e-01
   2.6400000e+02   2.8800000e+02   1.9541172e-01
   1.0700000e+02   2.6000000e+02   1.9557077e-01
   1.5500000e+02   1.5600000e+02   2.0985802e-01
   2.7400000e+02   2.9100000e+02   2.0993697e-01
   2.5300000e+02   2.5800000e+02   2.1061245e-01
   1.1000000e+02   1.3000000e+02   2.1781116e-01
   2.3800000e+02   2.7100000e+02   2.2499254e-01
   7.2000000e+01   2.6100000e+02   2.2950975e-01
   1.2700000e+02   1.4100000e+02   2.4000279e-01
   1.4900000e+02   1.7900000e+02   2.4069619e-01
   1.4200000e+02   2.8900000e+02   2.4215636e-01
   1.2600000e+02   2.6500000e+02   2.4612564e-01
   1.1900000e+02   2.7800000e+02   2.5023718e-01
   1.7200000e+02   1.7500000e+02   2.5681414e-01
   2.6200000e+02   2.6900000e+02   2.5885581e-01
   1.3600000e+02   1.4000000e+02   2.6185396e-01
   2.9000000e+02   2.9300000e+02   2.7030364e-01
   1.2500000e+02   1.3300000e+02   2.8274003e-01
   2.7500000e+02   2.9500000e+02   2.8430949e-01
   1.6800000e+02   1.8500000e+02   2.9247316e-01
   1.4800000e+02   1.6900000e+02   2.9390230e-01
   1.3400000e+02   2.9600000e+02   2.9665589e-01
   1.2200000e+02   1.2400000e+02   2.9722103e-01
   2.7000000e+02   2.7700000e+02   3.0361526e-01
   1.7100000e+02   2.8600000e+02   3.0878993e-01
   1.7400000e+02   3.1400000e+02   3.1181444e-01
   1.2900000e+02   1.6300000e+02   3.1541529e-01
   1.5100000e+02   3.0900000e+02   3.1610297e-01
   2.4700000e+02   2.9800000e+02   3.1611219e-01
   2.9700000e+02   3.1000000e+02   3.2209280e-01
   2.9900000e+02   3.0600000e+02   3.2468019e-01
   1.5400000e+02   2.6600000e+02   3.2551466e-01
   1.3500000e+02   1.4500000e+02   3.3689342e-01
   1.3100000e+02   3.0300000e+02   3.3750876e-01
   1.6500000e+02   1.9500000e+02   3.4455582e-01
   1.4400000e+02   3.0200000e+02   3.4582870e-01
   1.3900000e+02   1.5000000e+02   3.4687147e-01
   1.6400000e+02   1.7600000e+02   3.5111537e-01
   1.6700000e+02   1.9300000e+02   3.5932742e-01
   1.5900000e+02   1.7000000e+02   3.6343800e-01
   1.7300000e+02   3.2800000e+02   3.6483992e-01
   1.9600000e+02   1.9900000e+02   3.6612651e-01
   3.1100000e+02   3.3300000e+02   3.6889649e-01
   1.6600000e+02   3.1300000e+02   3.7879812e-01
   2.8400000e+02   3.0100000e+02   3.7935983e-01
   1.0000000e+02   2.7900000e+02   3.7974548e-01
   1.8600000e+02   1.8900000e+02   3.8019484e-01
   1.3700000e+02   3.3000000e+02   3.8041519e-01
   1.8000000e+02   1.8700000e+02   3.8503359e-01
   1.6000000e+02   2.8100000e+02   3.9071055e-01
   3.1600000e+02   3.2600000e+02   3.9185695e-01
   1.4600000e+02   1.7800000e+02   3.9334760e-01
   1.8300000e+02   2.0000000e+02   3.9688090e-01
   1.8400000e+02   1.9400000e+02   4.0150121e-01
   1.2800000e+02   3.1200000e+02   4.0316526e-01
   3.0500000e+02   3.2100000e+02   4.0505101e-01
   3.0700000e+02   3.2400000e+02   4.0560291e-01
   1.4300000e+02   1.6100000e+02   4.1628948e-01
   1.8800000e+02   3.2000000e+02   4.2068051e-01
   2.8300000e+02   3.4300000e+02   4.2772891e-01
   2.9400000e+02   3.1700000e+02   4.2795150e-01
   1.5200000e+02   3.4600000e+02   4.3216326e-01
   3.1500000e+02   3.1900000e+02   4.3617216e-01
   1.6200000e+02   3.4800000e+02   4.3712871e-01
   1.9000000e+02   1.9800000e+02   4.4064079e-01
   1.8100000e+02   3.4200000e+02   4.4097291e-01
   3.4100000e+02   3.4900000e+02   4.4186529e-01
   3.2200000e+02   3.2500000e+02   4.5312997e-01
   1.7700000e+02   3.1800000e+02   4.5517474e-01
   1.9700000e+02   3.4500000e+02   4.5859373e-01
   3.3500000e+02   3.3600000e+02   4.7476719e-01
   2.9200000e+02   3.0000000e+02   4.8452111e-01
   3.4700000e+02   3.5800000e+02   4.8706239e-01
   1.4700000e+02   3.5900000e+02   4.9149694e-01
   2.8500000e+02   3.3100000e+02   5.0460155e-01
   3.4000000e+02   3.5500000e+02   5.1471835e-01
   3.5100000e+02   3.6300000e+02   5.1977260e-01
   3.5000000e+02   3.5600000e+02   5.2798902e-01
   3.0400000e+02   3.6200000e+02   5.3255067e-01
   3.2700000e+02   3.4400000e+02   5.3331007e-01
   3.3700000e+02   3.5200000e+02   5.3419510e-01
   2.5700000e+02   3.3900000e+02   5.3539885e-01
   3.3200000e+02   3.7000000e+02   5.3652597e-01
   3.6400000e+02   3.7100000e+02   5.5360692e-01
   3.6600000e+02   3.6900000e+02   5.7606447e-01
   3.3400000e+02   3.6800000e+02   5.9024163e-01
   3.2900000e+02   3.7300000e+02   5.9346293e-01
   3.3800000e+02   3.5400000e+02   6.0184461e-01
   2.7300000e+02   3.0800000e+02   6.0801508e-01
   3.7400000e+02   3.7700000e+02   6.0982445e-01
   3.6700000e+02   3.7800000e+02   6.2091698e-01
   3.7600000e+02   3.8400000e+02   6.2212451e-01
   3.7200000e+02   3.8300000e+02   6.5363468e-01
   3.7900000e+02   3.8600000e+02   7.0954524e-01
   3.5700000e+02   3.6500000e+02   7.1091628e-01
   3.6000000e+02   3.8700000e+02   8.4912657e-01
   3.8000000e+02   3.8500000e+02   8.5782204e-01
   3.7500000e+02   3.8800000e+02   8.6941961e-01
   3.6100000e+02   3.8200000e+02   9.4024677e-01
   3.5300000e+02   3.9000000e+02   9.6517236e-01
   2.8700000e+02   3.9300000e+02   1.0618826e+00
   3.2300000e+02   3.8900000e+02   1.1853093e+00
   3.8100000e+02   3.9400000e+02   1.4928131e+00
   3.9100000e+02   3.9600000e+02   1.6829806e+00
   3.9500000e+02   3.9700000e+02   1.8993013e+00
   3.9200000e+02   3.9800000e+02   2.6042661e+00
