   9.0000000e+00   1.0000000e+01   0.0000000e+00
   1.0000000e+00   3.0000000e+00   0.0000000e+00
   5.0000000e+00   2.3000000e+01   0.0000000e+00
   1.2000000e+01   2.5000000e+01   1.6543428e-02
   4.0000000e+00   2.7000000e+01   2.5224020e-02
   1.9000000e+01   2.1000000e+01   3.5650118e-02
   2.0000000e+00   7.0000000e+00   3.8130150e-02
   2.2000000e+01   2.4000000e+01   4.2432287e-02
   6.0000000e+00   1.4000000e+01   4.9237185e-02
   2.0000000e+01   3.3000000e+01   7.2412318e-02
   1.8000000e+01   2.8000000e+01   9.5992337e-02
   8.0000000e+00   3.0000000e+01   1.0880391e-01
   1.1000000e+01   1.3000000e+01   1.2522499e-01
   1.6000000e+01   3.5000000e+01   1.3317279e-01
   1.5000000e+01   3.7000000e+01   1.8784862e-01
   3.2000000e+01   3.6000000e+01   2.7161811e-01
   1.7000000e+01   2.9000000e+01   3.6575478e-01
   3.9000000e+01   4.0000000e+01   4.4882670e-01
   3.1000000e+01   4.2000000e+01   4.5446264e-01
   2.6000000e+01   4.1000000e+01   5.2981042e-01
   3.4000000e+01   3.8000000e+01   5.6432143e-01
   4.4000000e+01   4.6000000e+01   6.4750665e-01
   4.5000000e+01   4.7000000e+01   9.0769702e-01
   4.3000000e+01   4.8000000e+01   1.2264785e+00
