   8.1000000e+01   8.7000000e+01   0.0000000e+00
   1.0000000e+01   1.4000000e+01   0.0000000e+00
   3.0000000e+00   7.5000000e+01   0.0000000e+00
   1.0000000e+00   4.0000000e+00   0.0000000e+00
   1.3000000e+01   1.6000000e+01   0.0000000e+00
   5.0000000e+00   1.0500000e+02   0.0000000e+00
   2.0000000e+00   1.0200000e+02   0.0000000e+00
   2.7000000e+01   5.0000000e+01   0.0000000e+00
   7.0000000e+00   1.0700000e+02   0.0000000e+00
   9.0000000e+00   1.0900000e+02   0.0000000e+00
   1.1000000e+01   4.3000000e+01   0.0000000e+00
   3.5000000e+01   3.7000000e+01   0.0000000e+00
   2.9000000e+01   4.4000000e+01   0.0000000e+00
   1.7000000e+01   5.8000000e+01   0.0000000e+00
   1.9000000e+01   4.0000000e+01   0.0000000e+00
   5.9000000e+01   6.8000000e+01   0.0000000e+00
   4.9000000e+01   6.1000000e+01   0.0000000e+00
   2.2000000e+01   2.3000000e+01   0.0000000e+00
   4.8000000e+01   7.2000000e+01   0.0000000e+00
   2.8000000e+01   4.7000000e+01   0.0000000e+00
   1.5000000e+01   3.6000000e+01   0.0000000e+00
   2.1000000e+01   4.1000000e+01   0.0000000e+00
   5.3000000e+01   5.6000000e+01   0.0000000e+00
   2.4000000e+01   5.2000000e+01   3.2243092e-03
   8.2000000e+01   8.3000000e+01   8.1502771e-03
   1.1200000e+02   1.2200000e+02   1.4137250e-02
   3.2000000e+01   5.5000000e+01   2.1062704e-02
   1.1600000e+02   1.1700000e+02   2.7116803e-02
   8.6000000e+01   9.9000000e+01   3.6757570e-02
   6.0000000e+00   1.1000000e+02   3.7085596e-02
   9.3000000e+01   1.2500000e+02   3.7692136e-02
   1.8000000e+01   1.0400000e+02   3.7896071e-02
   3.4000000e+01   1.1400000e+02   4.1384538e-02
   6.4000000e+01   6.5000000e+01   4.5329741e-02
   3.9000000e+01   4.6000000e+01   4.7825930e-02
   1.2000000e+02   1.2100000e+02   5.0620170e-02
   3.0000000e+01   1.3500000e+02   5.7727511e-02
   1.0800000e+02   1.3300000e+02   5.8377679e-02
   2.0000000e+01   7.3000000e+01   6.1886798e-02
   8.0000000e+00   4.5000000e+01   6.3424611e-02
   1.2400000e+02   1.2700000e+02   6.5139759e-02
   8.5000000e+01   9.1000000e+01   6.5280796e-02
   5.1000000e+01   6.0000000e+01   6.5849477e-02
   6.9000000e+01   9.4000000e+01   6.8459287e-02
   5.4000000e+01   1.1800000e+02   7.4493239e-02
   7.8000000e+01   9.5000000e+01   7.6183557e-02
   4.2000000e+01   1.1900000e+02   8.0050395e-02
   7.6000000e+01   1.3400000e+02   8.1259441e-02
   2.6000000e+01   6.6000000e+01   8.5449711e-02
   7.7000000e+01   8.9000000e+01   9.0295606e-02
   6.3000000e+01   1.0300000e+02   9.1168931e-02
   1.1500000e+02   1.2300000e+02   9.7983444e-02
   1.0600000e+02   1.3000000e+02   9.9770189e-02
   9.0000000e+01   1.5000000e+02   1.0419439e-01
   7.9000000e+01   1.0100000e+02   1.0550141e-01
   7.0000000e+01   1.4600000e+02   1.0662700e-01
   8.8000000e+01   1.4200000e+02   1.1153329e-01
   6.2000000e+01   1.3900000e+02   1.1938677e-01
   3.1000000e+01   1.3200000e+02   1.2784352e-01
   3.8000000e+01   1.5300000e+02   1.3369793e-01
   1.2000000e+01   2.5000000e+01   1.3397788e-01
   1.3700000e+02   1.4000000e+02   1.3696881e-01
   6.7000000e+01   9.2000000e+01   1.4419986e-01
   1.2800000e+02   1.4800000e+02   1.6182971e-01
   5.7000000e+01   1.3800000e+02   1.7470841e-01
   7.1000000e+01   8.0000000e+01   1.7984403e-01
   8.4000000e+01   9.7000000e+01   2.0718075e-01
   1.4400000e+02   1.5700000e+02   2.1694613e-01
   1.5900000e+02   1.6100000e+02   2.1841749e-01
   1.1100000e+02   1.5800000e+02   2.2364597e-01
   9.6000000e+01   1.2900000e+02   2.2839222e-01
   1.1300000e+02   1.6000000e+02   2.4410102e-01
   1.5100000e+02   1.6400000e+02   2.4523478e-01
   9.8000000e+01   1.0000000e+02   2.5155158e-01
   1.5400000e+02   1.5600000e+02   2.7326609e-01
   1.3600000e+02   1.4700000e+02   3.0201435e-01
   1.6300000e+02   1.6800000e+02   3.0970010e-01
   1.6700000e+02   1.7400000e+02   3.0971806e-01
   1.4300000e+02   1.6600000e+02   3.1603308e-01
   1.4900000e+02   1.7300000e+02   3.1640464e-01
   3.3000000e+01   1.5200000e+02   3.2874779e-01
   1.2600000e+02   1.7900000e+02   3.5422657e-01
   1.3100000e+02   1.7500000e+02   3.7588285e-01
   1.4500000e+02   1.5500000e+02   4.2836610e-01
   7.4000000e+01   1.7100000e+02   4.5546688e-01
   1.6200000e+02   1.6500000e+02   4.9508022e-01
   1.4100000e+02   1.7000000e+02   5.6904450e-01
   1.8000000e+02   1.8500000e+02   5.6928987e-01
   1.7700000e+02   1.8300000e+02   6.2427954e-01
   1.7200000e+02   1.8600000e+02   7.1991372e-01
   1.8100000e+02   1.8700000e+02   7.3719542e-01
   1.7600000e+02   1.8200000e+02   7.5318966e-01
   1.7800000e+02   1.8400000e+02   8.2927794e-01
   1.9100000e+02   1.9300000e+02   9.6454088e-01
   1.6900000e+02   1.9400000e+02   1.1100172e+00
   1.8800000e+02   1.9200000e+02   1.1154481e+00
   1.8900000e+02   1.9500000e+02   1.2977164e+00
   1.9600000e+02   1.9700000e+02   1.6142356e+00
   1.9000000e+02   1.9800000e+02   2.0480756e+00
