   3.5000000e+01   4.8000000e+01   0.0000000e+00
   2.0000000e+00   1.0000000e+01   0.0000000e+00
   4.0000000e+00   5.0000000e+00   0.0000000e+00
   6.0000000e+00   5.1000000e+01   0.0000000e+00
   8.0000000e+00   2.5000000e+01   0.0000000e+00
   3.0000000e+00   5.2000000e+01   0.0000000e+00
   1.2000000e+01   2.9000000e+01   0.0000000e+00
   1.3000000e+01   3.9000000e+01   0.0000000e+00
   1.7000000e+01   2.4000000e+01   9.8374503e-03
   1.4000000e+01   2.1000000e+01   1.5254280e-02
   3.2000000e+01   3.3000000e+01   1.8248585e-02
   1.6000000e+01   5.7000000e+01   2.6131249e-02
   3.6000000e+01   4.1000000e+01   2.7177860e-02
   2.2000000e+01   4.3000000e+01   3.0221020e-02
   1.8000000e+01   1.9000000e+01   3.2622775e-02
   3.7000000e+01   6.1000000e+01   3.2715412e-02
   3.0000000e+01   5.5000000e+01   3.3598133e-02
   1.5000000e+01   4.0000000e+01   3.9146857e-02
   2.8000000e+01   5.3000000e+01   4.6157585e-02
   4.4000000e+01   4.6000000e+01   5.8145096e-02
   4.2000000e+01   6.3000000e+01   6.6142929e-02
   2.6000000e+01   5.8000000e+01   6.9909311e-02
   9.0000000e+00   2.0000000e+01   7.1376991e-02
   2.7000000e+01   6.9000000e+01   8.3814290e-02
   7.0000000e+00   5.4000000e+01   8.5440379e-02
   5.9000000e+01   6.0000000e+01   1.0891018e-01
   1.1000000e+01   5.6000000e+01   1.1064513e-01
   3.4000000e+01   3.8000000e+01   1.1596823e-01
   6.6000000e+01   6.8000000e+01   1.3525409e-01
   3.1000000e+01   7.4000000e+01   1.4851729e-01
   4.5000000e+01   7.0000000e+01   1.5107303e-01
   1.0000000e+00   7.1000000e+01   1.9646345e-01
   5.0000000e+01   6.5000000e+01   2.0992682e-01
   2.3000000e+01   7.9000000e+01   2.1682141e-01
   4.7000000e+01   6.7000000e+01   2.2302995e-01
   4.9000000e+01   8.1000000e+01   2.8694212e-01
   7.7000000e+01   8.0000000e+01   2.9075021e-01
   7.5000000e+01   8.2000000e+01   2.9385972e-01
   6.4000000e+01   8.5000000e+01   3.0552509e-01
   7.3000000e+01   7.8000000e+01   3.1489869e-01
   6.2000000e+01   8.3000000e+01   3.8914341e-01
   7.2000000e+01   8.8000000e+01   4.7005843e-01
   8.4000000e+01   9.0000000e+01   5.8280452e-01
   7.6000000e+01   8.7000000e+01   7.6469711e-01
   9.1000000e+01   9.2000000e+01   7.7370282e-01
   8.6000000e+01   8.9000000e+01   7.7842047e-01
   9.3000000e+01   9.4000000e+01   9.7192419e-01
   9.5000000e+01   9.6000000e+01   1.0312544e+00
   9.7000000e+01   9.8000000e+01   1.7537243e+00
